 A teamsek_same_center3_aranyai: [70.0, 100.0, 100.0, 80.0, 90.0, 70.0, 80.0, 100.0, 70.0, 50.0, 90.0, 80.0, 90.0, 100.0, 80.0, 80.0, 80.0, 50.0, 80.0, 100.0, 50.0, 90.0, 80.0, 90.0, 70.0, 40.0, 40.0, 70.0, 100.0, 80.0, 70.0, 100.0, 80.0, 90.0, 80.0, 60.0, 90.0, 100.0, 80.0, 100.0, 60.0, 50.0, 60.0, 50.0, 100.0, 80.0, 60.0, 70.0, 80.0, 90.0, 50.0, 80.0, 50.0, 80.0, 80.0, 80.0, 90.0, 50.0, 90.0, 90.0, 30.0, 90.0, 90.0, 80.0, 60.0, 80.0, 90.0, 70.0, 90.0, 100.0, 80.0, 90.0, 90.0, 90.0, 90.0, 90.0, 50.0, 90.0, 80.0, 70.0, 100.0, 90.0, 90.0, 80.0, 90.0, 40.0, 60.0, 60.0, 40.0, 90.0, 90.0, 100.0, 100.0, 90.0, 90.0, 100.0, 70.0, 100.0, 90.0, 100.0, 90.0]
 A teamsek_same_center4_aranyai: [70.0, 90.0, 100.0, 70.0, 80.0, 80.0, 70.0, 80.0, 70.0, 80.0, 40.0, 60.0, 80.0, 100.0, 80.0, 90.0, 70.0, 70.0, 70.0, 60.0, 70.0, 50.0, 50.0, 70.0, 80.0, 100.0, 80.0, 70.0, 80.0, 50.0, 50.0, 20.0, 90.0, 30.0, 70.0, 60.0, 90.0, 90.0, 60.0, 80.0, 80.0, 70.0, 80.0, 70.0, 80.0, 90.0, 60.0, 80.0, 60.0, 50.0, 60.0, 80.0, 60.0, 60.0, 50.0, 30.0, 60.0, 60.0, 80.0, 40.0, 40.0, 50.0, 30.0, 50.0, 60.0, 70.0, 70.0, 50.0, 70.0, 60.0, 80.0, 50.0, 70.0, 80.0, 80.0, 40.0, 70.0, 70.0, 80.0, 90.0, 70.0, 90.0, 80.0, 40.0, 40.0, 50.0, 80.0, 40.0, 60.0, 50.0, 80.0, 100.0, 80.0, 70.0, 80.0, 90.0, 70.0, 60.0, 80.0, 60.0, 80.0]
A teamsek_same_center3_aranyainak_minimuma:30.0
A teamsek_same_center4_aranyainak_minimuma:20.0
A teamsek_same_center3_aranyainak_maximuma:100.0
A teamsek_same_center4_aranyainak_maximuma:100.0
A teamsek_same_center3_aranyainak_90_percentilise:100.0
A teamsek_same_center4_aranyainak_90_percentilise:90.0
A teamsek_same_center3_aranyainak_10_percentilise:50.0
A teamsek_same_center4_aranyainak_10_percentilise:40.0
A teamsek_same_center3_aranyainak_mediánja:80.0
A teamsek_same_center4_aranyainak_mediánja:70.0